[[ 1.          0.32748574]
 [ 0.32748574  1.        ]]
[[ 1.          0.32114932]
 [ 0.32114932  1.        ]]
[[ 1.          0.33504327]
 [ 0.33504327  1.        ]]
[[ 1.          0.33296366]
 [ 0.33296366  1.        ]]
[[ 1.          0.32567457]
 [ 0.32567457  1.        ]]
[[ 1.          0.33695699]
 [ 0.33695699  1.        ]]
[[ 1.          0.31349773]
 [ 0.31349773  1.        ]]
[[ 1.          0.32837426]
 [ 0.32837426  1.        ]]
[[ 1.          0.34312735]
 [ 0.34312735  1.        ]]
[[ 1.          0.32704412]
 [ 0.32704412  1.        ]]
